-,-,-
-684.814453, -31.982422, 1038.085938
-1651.123047, -70.068359, 1151.855469
-1703.857422, 72.265625, 1061.035156
-1086.181641, 278.320312, 591.308594
480.957031, 36.132812, 413.574219
1324.218750, 23.437500, 558.105469
1614.746094, -198.974609, 1138.671875
969.238281, -335.693359, 1683.593750
540.527344, -228.271484, 1539.062500
195.800781, 114.257812, 1223.632812
128.417969, 113.281250, 1104.003906
-91.552734, 121.582031, 1059.570312
-,-,-
-1264.892578, -43.701172, 1050.781250
-1999.755859, 94.726562, 1138.671875
-1999.755859, 145.507812, 912.109375
484.863281, -132.568359, 450.195312
1930.664062, -5.615234, 318.359375
1999.755859, -186.767578, 921.875000
-,-,-
-708.251953, -78.857422, 1009.765625
-1843.994141, -217.529297, 1164.062500
-1999.755859, -322.021484, 1081.054688
-1075.927734, 225.585938, 327.148438
1999.755859, 272.949219, -190.185547
1999.755859, 397.949219, 771.484375
-,-,-
-878.662109, -133.544922, 1007.812500
-1999.755859, -526.123047, 1237.792969
-1999.755859, -277.099609, 1084.960938
-211.669922, 185.546875, 341.308594
1993.164062, 605.957031, -80.322266
1999.755859, 121.582031, 896.484375
1691.894531, -591.552734, 1419.921875
-,-,-
-1903.076172, 36.132812, 1136.718750
-1999.755859, -95.947266, 1332.519531
-1449.951172, 318.359375, 874.023438
1291.015625, 210.937500, 265.625000
-,-,-
-1145.263672, -133.544922, 1066.894531
-1999.755859, 76.171875, 1021.972656
-1999.755859, 50.781250, 1056.640625
-347.412109, 0.000000, 566.406250
1188.964844, 95.703125, 515.136719
1999.755859, -60.302734, 579.589844
1685.546875, -520.263672, 1550.781250
1241.210938, -607.666016, 1452.636719
-,-,-
-1999.755859, -211.181641, 1102.050781
-1918.701172, 146.484375, 787.109375
-654.052734, -59.814453, 1225.097656
1241.210938, 285.156250, 32.714844
1392.089844, 178.710938, 882.812500
1008.300781, -133.544922, 1535.644531
1145.996094, -392.333984, 1235.839844
-,-,-
-599.853516, -109.130859, 1090.820312
-1357.177734, -171.630859, 1075.195312
-1905.517578, 44.921875, 1222.656250
-1488.525391, 187.500000, 936.035156
42.968750, 127.929688, 563.476562
1758.300781, -34.423828, 897.949219
-,-,-
-414.306641, -26.123047, 1002.929688
-1087.158203, -129.638672, 1071.777344
-1995.361328, -144.287109, 1106.933594
-1999.755859, -99.365234, 948.242188
-953.857422, -110.107422, 684.570312
1003.417969, -113.525391, 531.250000
-,-,-
-1080.322266, -271.728516, 1170.898438
-1999.755859, -340.576172, 1244.140625
-1999.755859, -317.138672, 924.804688
-765.380859, -109.130859, 296.875000
1908.203125, 222.656250, 269.531250
1999.755859, -177.978516, 1328.613281
-,-,-
-1613.525391, -113.525391, 1032.226562
-1999.755859, -141.357422, 789.062500
-1999.755859, -149.658203, 779.785156
422.851562, -72.021484, 462.890625
1529.785156, 52.734375, 778.320312
1999.755859, -247.802734, 1174.804688
1638.671875, -353.271484, 1587.890625
-,-,-
-1824.462891, -450.439453, 937.011719
-1999.755859, -478.271484, 977.539062
-1621.826172, -126.220703, 677.246094
982.421875, 630.859375, 74.707031
1999.755859, 404.296875, 909.179688
-,-,-
-1168.212891, -386.474609, 964.843750
-1999.755859, -539.794922, 1171.875000
-1999.755859, -369.873047, 845.214844
-524.658203, -16.357422, 267.089844
-,-,-
-1400.634766, -451.904297, 976.074219
-1999.755859, -641.845703, 995.117188
-1999.755859, -286.865234, 724.121094
212.402344, 39.062500, 747.070312
1769.531250, 583.984375, 714.355469
-,-,-
-270.263672, -23.681641, 965.820312
-725.341797, -33.935547, 803.710938
-1874.755859, -556.396484, 1254.882812
-1999.755859, -893.310547, 1179.687500
-1744.384766, -822.998047, 576.171875
1039.062500, 389.160156, 520.507812
-,-,-
-1942.626953, -536.865234, 963.867188
-1999.755859, -493.896484, 1078.125000
-1335.693359, -608.154297, 306.152344
1566.894531, 206.542969, 432.128906
1999.755859, 387.695312, 1310.546875
1999.755859, -381.591797, 1269.042969
-,-,-
-857.177734, -308.349609, 1097.656250
-1999.755859, -820.068359, 1221.679688
-1999.755859, -610.107422, 259.765625
-977.783203, -289.794922, 690.917969
1812.011719, 1166.015625, 160.156250
1999.755859, 597.167969, 1850.585938
1838.378906, -409.912109, 1999.755859
-,-,-
-842.529297, -310.791016, 1049.804688
-1692.138672, -761.474609, 1161.132812
-1999.755859, -510.009766, 520.507812
-1982.177734, -739.013672, -63.232422
1102.050781, 366.699219, 251.464844
1999.755859, 299.316406, 1536.621094
-,-,-
-1272.705078, -494.873047, 1091.796875
-1999.755859, -1009.521484, 1078.125000
-1999.755859, -739.013672, 402.343750
84.472656, -115.966797, 482.421875
1999.755859, 510.742188, 450.683594
-,-,-
-1241.943359, -556.396484, 1041.992188
-1999.755859, -824.951172, 858.398438
-1999.755859, -862.060547, 921.875000
-1030.029297, -320.556641, 240.234375
1895.996094, 993.652344, 116.699219
1999.755859, 500.976562, 1929.687500
-,-,-
-920.654297, -383.544922, 1335.937500
-1999.755859, -355.224609, 1328.125000
-1533.935547, -119.384766, 523.925781
-538.330078, 67.382812, 255.371094
773.925781, 41.992188, 810.058594
1346.191406, 52.734375, 1417.968750
-,-,-
-1151.123047, -72.998047, 1179.687500
-1999.755859, -300.048828, 1153.320312
-1533.935547, -238.525391, 677.246094
-896.728516, 26.855469, 391.601562
471.191406, 29.785156, 621.093750
1529.296875, -194.091797, 1379.882812
1999.755859, -141.845703, 1975.097656
-,-,-
-1999.755859, -195.068359, 1512.695312
-1999.755859, -266.357422, 833.984375
-811.767578, -526.123047, 622.070312
1226.074219, -118.896484, 487.304688
1999.755859, -361.083984, 1667.968750
-,-,-
-1049.560547, -228.271484, 1062.500000
-1999.755859, -406.982422, 1133.789062
-1999.755859, 17.578125, 561.523438
-543.701172, -111.083984, 802.734375
990.234375, -194.091797, 725.585938
-,-,-
-1807.373047, -181.884766, 1042.968750
-1999.755859, -84.228516, 907.226562
-1549.560547, -265.380859, 569.335938
238.769531, -452.392578, 758.789062
-,-,-
-1283.447266, -187.255859, 1156.250000
-1889.404297, -83.740234, 823.242188
-1999.755859, -224.365234, 660.156250
-1295.166016, -129.638672, 331.054688
147.460938, -239.501953, 508.300781
-,-,-
-751.220703, -14.404297, 972.656250
-1199.951172, -113.037109, 928.710938
-1999.755859, -293.701172, 858.398438
-1999.755859, -37.841797, 518.554688
-1253.662109, -254.638672, 817.382812
749.511719, -46.630859, 64.453125
1999.755859, 47.851562, 1438.964844
-,-,-
-1672.607422, -339.599609, 991.210938
-1999.755859, -374.755859, 800.781250
-1726.318359, -181.884766, 584.960938
136.230469, 88.378906, 443.359375
1134.765625, -256.103516, 791.015625
1978.027344, -416.748047, 1697.265625
-,-,-
-1239.013672, -305.419922, 1185.546875
-1999.755859, -402.099609, 1169.921875
-1999.755859, -535.888672, 607.421875
-1339.599609, 120.605469, -148.193359
1310.546875, -46.630859, 174.316406
1999.755859, -811.767578, 1331.054688
-,-,-
-1032.958984, -151.611328, 1043.945312
-1999.755859, -519.287109, 1024.902344
-1999.755859, -312.255859, 927.734375
-1634.521484, 75.195312, 491.210938
-396.728516, -353.271484, 801.757812
-,-,-
-1257.080078, -207.763672, 975.585938
-1999.755859, -343.505859, 979.980469
-1999.755859, -239.501953, 1035.156250
-1048.583984, -175.537109, 587.890625
336.914062, -282.470703, 764.160156
-,-,-
-832.275391, -179.931641, 986.328125
-1404.052734, -135.498047, 951.171875
-1999.755859, -413.818359, 868.164062
-1870.361328, -191.162109, 953.125000
-900.634766, -462.158203, 854.003906
1201.660156, -231.201172, 796.875000
-,-,-
-1874.755859, -298.095703, 775.390625
-1999.755859, -916.748047, 1104.980469
-1999.755859, -524.169922, 868.164062
-372.314453, -266.357422, 435.058594
1603.515625, -119.384766, 1088.867188
1999.755859, 165.039062, 1273.925781
-,-,-
-280.029297, -29.541016, 1010.742188
-991.943359, -340.576172, 1199.218750
-1999.755859, -639.892578, 1211.914062
-1999.755859, -523.193359, 937.011719
-1783.447266, -315.185547, 530.273438
956.542969, -5.615234, -25.146484
-,-,-
-823.974609, -194.091797, 1042.968750
-1740.966797, -328.369141, 1090.820312
-1999.755859, -515.380859, 651.367188
-1999.755859, -5.615234, 632.324219
-425.537109, -626.708984, 116.210938
-,-,-
-1357.666016, -319.091797, 1199.218750
-1999.755859, -596.435547, 1076.660156
-1725.341797, -340.576172, 745.117188
-602.294922, -137.939453, 523.925781
830.078125, -219.970703, 870.117188
1999.755859, -150.634766, 1273.437500
-,-,-
-792.236328, -244.384766, 1083.007812
-1999.755859, -415.771484, 1083.984375
-1999.755859, -485.595703, 685.058594
-1877.197266, -387.451172, 938.964844
-6.103516, -295.654297, 756.835938
1999.755859, -635.009766, 1132.812500
-,-,-
-630.615234, -272.216797, 1177.734375
-1999.755859, -485.595703, 1437.011719
-1999.755859, -638.916016, 792.480469
-1999.755859, -413.818359, 402.343750
967.773438, -672.119141, 390.625000
-,-,-
-1331.298828, -419.677734, 1218.750000
-1999.755859, -580.322266, 1087.890625
-1999.755859, -324.951172, 431.152344
-880.615234, -368.408203, 115.722656
-,-,-
-851.318359, -164.794922, 1115.234375
-1847.412109, -317.138672, 955.078125
-1999.755859, -426.513672, 999.023438
-1822.998047, -525.146484, 559.082031
99.609375, -384.521484, 666.015625
1999.755859, -112.548828, 1145.019531
-,-,-
-1292.236328, -197.021484, 1094.726562
-1999.755859, -696.044922, 1163.085938
-1963.134766, -687.744141, 449.218750
-604.248047, -275.634766, 622.070312
1447.265625, 39.062500, 1999.755859
-,-,-
-701.416016, -135.498047, 1028.320312
-1999.755859, -446.044922, 1154.785156
-1999.755859, -673.583984, 600.097656
-1884.521484, -682.373047, 503.417969
716.308594, -439.208984, 1006.347656
1999.755859, 2.441406, 1655.761719
-,-,-
-1144.287109, -368.896484, 1204.101562
-1999.755859, -748.779297, 1270.019531
-1999.755859, -494.873047, 227.539062
-715.087891, -563.720703, 863.281250
1209.472656, -197.021484, 909.179688
1999.755859, -401.123047, 1424.804688
1999.755859, -18.310547, 1827.148438
-,-,-
-370.361328, -59.326172, 1051.757812
-1317.138672, -327.880859, 1083.007812
-1999.755859, -492.919922, 1089.843750
-1999.755859, -211.669922, 437.500000
-828.369141, -512.939453, 706.054688
-,-,-
-854.736328, -375.732422, 972.656250
-1999.755859, -465.576172, 1324.707031
-1999.755859, -401.123047, 624.023438
-1999.755859, -726.806641, 483.398438
1060.058594, -984.130859, 646.972656
-,-,-
-271.728516, -65.185547, 1017.089844
-1593.505859, -376.708984, 1255.859375
-1999.755859, -543.212891, 724.121094
-1999.755859, -844.970703, 637.207031
-1551.025391, -1098.876953, 1075.683594
1766.601562, -533.935547, 716.796875
-,-,-
-1078.369141, -83.740234, 1010.742188
-1999.755859, -927.490234, 1162.109375
-1999.755859, -721.435547, 841.796875
-480.712891, -542.236328, 537.109375
987.304688, -651.123047, 1468.750000
1999.755859, -41.748047, 1636.718750
-,-,-
-1873.291016, -595.458984, 1231.445312
-,-,-
-813.720703, -304.931641, 482.421875
1363.281250, -857.666016, 1999.755859
1999.755859, -126.708984, 1999.755859
-,-,-
-1709.228516, -261.474609, 1107.910156
-1999.755859, -466.552734, 974.609375
-1384.521484, 47.851562, 168.457031
179.687500, 0.488281, 114.257812
-,-,-
-1999.755859, -483.642578, 1007.812500
-1999.755859, -316.162109, 559.082031
-1715.087891, -102.294922, -18.310547
521.972656, -161.865234, 765.136719
-,-,-
-1822.998047, -497.802734, 929.687500
-1999.755859, -487.060547, 1143.554688
-1155.517578, -207.275391, 426.269531
1153.320312, -220.458984, 730.468750
-,-,-
-1999.755859, -639.892578, 505.859375
-1999.755859, -270.751953, 510.253906
-1321.533203, 12.695312, 447.265625
407.714844, -174.072266, 770.507812
-,-,-
-1644.287109, -236.083984, 1260.742188
-1999.755859, -305.419922, 1033.203125
-1753.662109, -317.138672, 429.687500
572.753906, -267.333984, 143.554688
-,-,-
-1999.755859, -496.826172, 909.179688
-1999.755859, -327.880859, 870.117188
-1374.267578, -326.904297, 628.417969
652.343750, -496.826172, 854.980469
-,-,-
-1505.615234, -370.849609, 1083.007812
-1999.755859, -638.427734, 1212.890625
-1999.755859, -322.509766, 460.937500
-1340.087891, -98.388672, 161.132812
-152.099609, -858.154297, 872.070312
-,-,-
-1052.490234, -307.373047, 1100.585938
-1999.755859, -808.349609, 1266.601562
-1907.958984, -222.412109, 503.906250
-1191.650391, -156.005859, 496.093750
1335.937500, -239.501953, 754.882812
-,-,-
-1576.904297, -474.365234, 1124.023438
-1999.755859, -623.779297, 1173.828125
-1958.740234, -483.642578, 682.128906
-681.884766, -257.568359, 309.570312
1463.378906, -128.662109, 937.011719
-,-,-
-1308.349609, -510.986328, 1206.054688
-1999.755859, -640.380859, 1206.054688
-1711.669922, -551.025391, 461.425781
-836.669922, -87.646484, 766.113281
608.398438, 81.542969, 842.773438
-,-,-
-1057.861328, -223.388672, 1042.968750
-1908.935547, -636.962891, 1107.910156
-1859.619141, -390.380859, 929.687500
-848.876953, -471.435547, 722.656250
522.460938, -234.130859, 821.289062
-,-,-
-1999.755859, -524.169922, 847.167969
-1999.755859, -272.705078, 678.710938
-1103.271484, -598.876953, 737.304688
844.726562, -28.564453, 997.070312
-,-,-
-1637.451172, -401.123047, 928.710938
-1963.623047, -598.388672, 864.257812
-1819.580078, -628.662109, 670.898438
-454.833984, -403.076172, 614.257812
-,-,-
-1322.021484, -191.162109, 1094.726562
-1782.958984, -189.208984, 1208.984375
-1096.435547, 221.679688, 520.507812
-658.935547, -144.287109, 607.421875
401.367188, -150.634766, 687.988281
-,-,-
-1473.876953, -278.076172, 1199.218750
-1999.755859, -440.185547, 1004.882812
-1801.513672, -243.408203, 395.507812
340.332031, -349.365234, 580.078125
-,-,-
-1756.103516, -454.345703, 978.027344
-1999.755859, -582.763672, 909.667969
-996.337891, -707.763672, 911.132812
856.445312, -359.619141, 765.136719
-,-,-
-639.892578, -175.537109, 925.781250
-1525.146484, -448.486328, 946.289062
-1999.755859, -576.904297, 968.750000
-1634.033203, -588.623047, 399.414062
-972.412109, -533.935547, 743.164062
690.917969, -273.681641, 1101.074219
1401.855469, -111.083984, 1764.648438
-,-,-
-947.998047, -423.095703, 1033.203125
-1848.388672, -877.197266, 1289.062500
-1851.806641, -564.208984, 1022.949219
-1029.052734, -406.005859, 833.007812
648.437500, -217.041016, 1194.824219
1581.054688, 124.023438, 1188.476562
-,-,-
-1565.185547, -458.251953, 987.304688
-1999.755859, -526.123047, 968.750000
-1791.748047, -568.115234, 568.359375
-1028.564453, -576.416016, 648.437500
-,-,-
-1999.755859, -510.986328, 919.921875
-1999.755859, -531.005859, 631.835938
-1735.595703, -859.130859, 904.296875
643.066406, -474.853516, 963.867188
-,-,-
-1438.232422, -706.298828, 978.027344
-1999.755859, -1051.513672, 1081.054688
-1999.755859, -579.833984, 837.890625
-7.568359, -85.693359, 330.566406
-,-,-
-1512.451172, -438.232422, 1164.062500
-1999.755859, -662.841797, 967.773438
-1999.755859, -910.400391, 780.273438
-690.673828, -597.412109, 492.187500
-,-,-
-1019.775391, -428.955078, 1087.890625
-1999.755859, -646.240234, 1144.531250
-1999.755859, -684.326172, 703.125000
-1507.080078, -654.052734, 832.031250
844.238281, -346.435547, 825.195312
-,-,-
-1829.833984, -313.232422, 980.957031
-1999.755859, -600.341797, 958.007812
-1999.755859, -780.029297, 689.453125
994.140625, -707.763672, 658.203125
-,-,-
-1934.814453, -547.119141, 958.984375
-1999.755859, -755.126953, 955.078125
-1406.005859, -629.638672, 474.609375
826.660156, -246.826172, 959.960938
-,-,-
-1991.943359, -368.408203, 913.085938
-1999.755859, -562.255859, 1020.996094
-1875.732422, -426.513672, 468.261719
736.328125, -608.154297, 932.617188
-,-,-
-1039.794922, -450.439453, 786.132812
-1854.248047, -698.486328, 986.328125
-1881.103516, -634.033203, 856.933594
-1257.080078, -454.833984, 835.937500
-220.458984, -297.607422, 876.953125
-,-,-
-1121.337891, -398.193359, 837.890625
-1999.755859, -768.310547, 1182.617188
-1999.755859, -413.818359, 497.070312
-1241.455078, -243.408203, 340.332031
-,-,-
-1192.138672, -344.482422, 769.042969
-1999.755859, -587.646484, 895.996094
-1999.755859, -644.775391, 946.289062
-1656.982422, -449.462891, 649.414062
370.605469, -836.181641, 1065.917969
-,-,-
-529.052734, -158.935547, 883.789062
-1221.435547, -289.794922, 889.648438
-1999.755859, -658.935547, 1137.695312
-1942.138672, -267.333984, 441.406250
-1103.271484, -790.283203, 834.960938
805.175781, -241.455078, 719.238281
-,-,-
-832.275391, -239.501953, 933.593750
-1299.560547, -324.951172, 970.703125
-1429.931641, -320.068359, 799.804688
-1458.740234, -407.958984, 950.195312
-947.998047, -413.818359, 854.492188
343.261719, -877.197266, 1466.796875
-,-,-
-409.912109, -83.740234, 932.617188
-810.302734, -164.794922, 961.914062
-1130.615234, -341.552734, 992.187500
-1399.169922, -418.701172, 974.609375
-913.818359, -282.958984, 746.093750
-119.873047, -265.380859, 800.292969
773.925781, -16.357422, 1278.808594
-,-,-
-845.947266, -123.779297, 1015.625000
-1789.794922, -367.919922, 996.093750
-1791.259766, -459.716797, 791.992188
-1137.451172, -297.119141, 776.367188
118.164062, -275.634766, 806.640625
-,-,-
-479.736328, -59.326172, 1020.996094
-1312.255859, -253.662109, 943.359375
-1877.197266, -364.990234, 888.671875
-1584.228516, -362.548828, 675.781250
-597.412109, -429.931641, 813.476562
832.031250, 138.183594, 1188.476562
-,-,-
-1687.744141, -609.619141, 1020.019531
-1999.755859, -726.806641, 1185.058594
-886.962891, -144.287109, 391.601562
643.554688, -7.080078, 1137.695312
-,-,-
-1071.044922, -289.794922, 916.015625
-1545.654297, -444.091797, 861.328125
-1571.533203, -650.146484, 1020.996094
-868.408203, -479.736328, 911.621094
61.523438, -257.080078, 1217.773438
-,-,-
-1279.052734, -319.091797, 960.937500
-1791.259766, -696.533203, 1294.921875
-1443.603516, -562.255859, 768.066406
-422.119141, -327.392578, 969.726562
858.398438, -72.998047, 447.265625
-,-,-
-846.923828, -241.455078, 954.101562
-1500.732422, -525.146484, 858.398438
-1999.755859, -752.197266, 965.820312
-1562.744141, -658.935547, 806.640625
151.367188, -267.822266, 758.300781
-,-,-
-939.208984, -430.419922, 1032.226562
-1428.955078, -635.986328, 919.921875
-1709.716797, -471.435547, 960.937500
-1140.869141, -535.888672, 794.921875
-36.865234, 21.972656, 1127.929688
1313.476562, 197.265625, 1376.464844
-,-,-
-845.947266, -355.224609, 947.265625
-1314.697266, -421.142578, 878.906250
-1476.806641, -407.958984, 924.804688
-1111.083984, -130.615234, 1089.843750
-326.416016, -324.951172, 845.214844
542.480469, -39.306641, 1336.914062
-,-,-
-736.572266, -197.998047, 1083.007812
-891.357422, -148.681641, 959.960938
-864.990234, -206.787109, 939.453125
-677.978516, -361.572266, 1041.992188
-797.607422, -248.779297, 1233.886719
-160.400391, -93.994141, 1068.847656
451.660156, -173.583984, 1143.066406
-,-,-
-921.142578, -409.912109, 975.585938
-1153.564453, -247.802734, 975.097656
-1263.916016, -416.259766, 1032.226562
-759.033203, -243.408203, 1303.710938
-99.365234, -218.505859, 1184.570312
-,-,-
-35.888672, -49.560547, 936.035156
-212.158203, -204.833984, 1020.019531
-932.373047, -347.412109, 1129.882812
-1334.228516, -425.048828, 1128.906250
-1256.103516, -445.068359, 942.382812
-748.779297, -97.900391, 779.296875
76.660156, -166.748047, 759.765625
-,-,-
-934.326172, -285.888672, 995.117188
-1342.529297, -356.201172, 929.687500
-1225.341797, -453.369141, 770.019531
-877.685547, -205.810547, 723.144531
-36.865234, -254.638672, 1184.082031
1117.187500, 106.445312, 1329.101562
-,-,-
-795.166016, -249.755859, 997.070312
-1052.490234, -249.755859, 1055.664062
-1326.416016, -475.341797, 1134.765625
-846.923828, -288.818359, 746.093750
-484.130859, -205.810547, 729.003906
-,-,-
-1168.212891, -59.814453, 962.890625
-1708.740234, -263.427734, 1015.625000
-1675.048828, -320.068359, 951.171875
-1359.619141, -473.388672, 986.328125
-371.826172, -657.958984, 1216.796875
1999.755859, -660.400391, 1706.542969
-,-,-
-736.083984, -155.029297, 924.804688
-1918.701172, -408.935547, 1104.492188
-1999.755859, 27.343750, 1144.531250
-1553.466797, -239.501953, 934.082031
161.621094, -578.369141, 803.710938
-,-,-
-717.529297, -114.013672, 936.523438
-978.759766, -280.029297, 834.960938
-1283.447266, -391.357422, 937.011719
-1697.998047, -377.685547, 1001.953125
-1386.474609, -329.833984, 1172.851562
489.746094, -707.763672, 1166.015625
-,-,-
-1782.470703, -296.630859, 1143.554688
-1999.755859, -156.494141, 1248.046875
-1761.474609, -716.064453, 892.089844
-,-,-
-777.099609, -320.068359, 1159.179688
-1352.783203, -364.013672, 1279.785156
-1956.298828, -168.701172, 886.718750
-1905.517578, -674.560547, 1221.191406
320.800781, -557.373047, 724.121094
-,-,-
-566.650391, -238.037109, 969.726562
-1608.154297, -516.357422, 1087.890625
-1999.755859, -449.462891, 854.980469
-1744.384766, -451.416016, 974.121094
-,-,-
-706.787109, -218.505859, 993.164062
-1561.279297, -346.435547, 934.082031
-1999.755859, -596.435547, 1329.101562
-1771.240234, -929.931641, 1093.750000
218.261719, -411.865234, 1045.898438
-,-,-
-1231.689453, -315.185547, 1068.359375
-1450.927734, -239.501953, 1041.015625
-1235.107422, -158.447266, 1236.816406
156.738281, -663.818359, 1052.734375
-,-,-
-979.248047, -402.099609, 1035.156250
-1398.681641, -464.599609, 978.027344
-1746.337891, -161.376953, 789.062500
-1481.689453, -158.935547, 876.953125
133.789062, -90.087891, 783.203125
-,-,-
-1342.529297, -242.431641, 921.875000
-1999.755859, -328.857422, 1082.031250
-1570.556641, -135.498047, 708.007812
-447.509766, -199.462891, 1091.796875
-,-,-
-807.861328, -168.701172, 1014.648438
-1406.005859, -212.646484, 1097.656250
-1468.505859, -278.076172, 1060.546875
-933.837891, -89.111328, 776.367188
-240.966797, -152.587891, 1279.785156
-,-,-
-916.259766, -156.982422, 1108.886719
-1733.154297, -310.302734, 1087.890625
-1799.560547, -105.224609, 796.875000
-1253.662109, -87.158203, 693.359375
236.816406, -499.755859, 849.609375
-,-,-
-992.919922, -219.482422, 958.984375
-1736.572266, -366.943359, 993.164062
-1428.955078, -188.232422, 824.218750
-1206.298828, -180.908203, 970.703125
-277.587891, -247.314453, 1090.820312
883.300781, -508.056641, 1474.609375
-,-,-
-858.154297, -143.310547, 1034.179688
-1541.748047, -209.716797, 947.265625
-1927.490234, -324.951172, 996.093750
-1120.361328, -256.591797, 845.703125
-58.837891, -260.498047, 1214.843750
-,-,-
-1080.322266, -182.373047, 1006.835938
-1323.486328, -359.619141, 991.210938
-1405.517578, -344.482422, 1034.179688
-608.642578, -197.021484, 1246.093750
52.734375, -269.287109, 1066.894531
-,-,-
-1753.662109, -322.021484, 1014.648438
-1825.439453, -216.064453, 937.988281
-1107.666016, -315.185547, 727.539062
-112.060547, -341.552734, 1062.500000
1441.894531, -639.892578, 1758.789062
-,-,-
-876.708984, -278.076172, 951.171875
-1925.048828, -282.958984, 769.042969
-1999.755859, -328.857422, 732.421875
-1092.041016, -469.482422, 946.289062
385.253906, -443.115234, 1344.726562
-,-,-
-693.603516, -198.974609, 1078.125000
-1287.353516, -350.341797, 984.375000
-1510.498047, -315.185547, 890.136719
-1538.818359, -108.154297, 759.277344
-566.650391, -233.154297, 932.128906
1005.371094, -310.791016, 918.945312
-,-,-
-398.193359, -73.974609, 959.960938
-777.587891, -121.337891, 1015.136719
-1010.009766, -214.111328, 1037.109375
-1054.443359, -214.111328, 878.906250
-922.607422, -229.248047, 1076.171875
-623.779297, -214.111328, 1069.824219
349.121094, -314.208984, 1161.132812
-,-,-
-613.525391, -130.615234, 997.070312
-1239.990234, -247.802734, 938.964844
-1305.908203, -189.208984, 962.890625
-1031.982422, -160.888672, 921.875000
-371.826172, -0.244141, 1025.878906
272.460938, -179.931641, 1328.613281
-,-,-
-355.224609, -114.990234, 1059.570312
-906.982422, -270.263672, 1057.617188
-1219.482422, -185.302734, 1085.937500
-1192.138672, -349.365234, 945.312500
-758.056641, -320.068359, 940.917969
17.089844, -247.314453, 997.070312
845.703125, -193.115234, 1242.187500
-,-,-
-884.521484, -148.681641, 1013.671875
-1468.994141, -239.990234, 1025.390625
-1477.783203, -272.216797, 901.367188
-1093.994141, -179.931641, 1039.062500
-404.541016, -121.337891, 1000.976562
-,-,-
-955.322266, -75.927734, 970.703125
-1100.341797, -152.099609, 861.328125
-1115.478516, -137.451172, 898.437500
-677.001953, -236.083984, 946.777344
-139.404297, -196.044922, 1198.730469
675.781250, -171.630859, 1304.687500
-,-,-
-1045.166016, -186.279297, 1123.046875
-1301.025391, -118.408203, 886.718750
-1017.822266, -194.091797, 784.179688
-699.951172, -1.220703, 750.488281
-24.169922, -294.677734, 1166.992188
569.824219, -316.162109, 1377.929688
-,-,-
-522.216797, -109.130859, 965.820312
-882.080078, -143.310547, 1104.980469
-1195.556641, -214.599609, 1079.101562
-940.185547, -216.064453, 871.093750
-638.916016, -225.341797, 864.257812
-158.935547, -211.181641, 1098.632812
573.242188, -217.529297, 1450.683594
-,-,-
-1296.142578, -424.072266, 985.351562
-1866.455078, -527.099609, 945.312500
-1741.943359, -198.974609, 992.187500
-509.033203, -370.849609, 1429.687500
1360.839844, -132.568359, 1366.699219
-,-,-
-909.423828, -250.732422, 1116.210938
-1098.388672, -274.169922, 1080.078125
-1183.837891, -285.888672, 1129.882812
-747.802734, -262.451172, 1134.765625
-58.837891, -292.724609, 1233.398438
883.300781, -149.169922, 1352.539062
-,-,-
-942.138672, -343.505859, 954.101562
-1295.166016, -345.458984, 1123.046875
-979.248047, -167.724609, 1020.996094
-453.369141, -214.111328, 1063.964844
386.718750, -6.103516, 1456.054688
1185.546875, 52.734375, 1655.273438
-,-,-
-759.521484, -150.634766, 967.773438
-984.619141, -260.498047, 976.562500
-1164.306641, -308.349609, 920.898438
-1053.955078, -305.419922, 897.460938
-325.439453, -47.607422, 1125.976562
121.093750, -191.162109, 1256.835938
1064.941406, 106.445312, 1361.816406
-,-,-
-974.365234, -190.185547, 891.113281
-1403.076172, -281.005859, 942.382812
-1326.904297, -368.896484, 888.671875
-325.439453, -403.564453, 916.015625
291.992188, -215.576172, 1219.726562
-,-,-
-684.326172, -230.224609, 921.875000
-1129.150391, -187.255859, 1030.273438
-1074.951172, -245.849609, 946.289062
-736.572266, -206.787109, 957.031250
-328.857422, -194.091797, 1112.792969
316.894531, -222.412109, 1407.714844
-,-,-
-772.705078, -243.896484, 943.359375
-1052.001953, -250.732422, 917.968750
-1078.369141, -211.669922, 880.859375
-689.697266, -147.216797, 1050.781250
-493.896484, -209.228516, 1289.550781
164.062500, -188.232422, 1489.746094
-,-,-
-997.314453, -140.380859, 876.953125
-950.439453, -215.087891, 895.019531
-687.744141, -218.017578, 1018.554688
-97.412109, -278.564453, 1199.707031
410.644531, -295.166016, 1487.792969
-,-,-
-562.255859, -165.771484, 850.097656
-1022.216797, -265.380859, 1036.132812
-1284.423828, -282.958984, 1180.664062
-923.095703, -248.779297, 878.906250
-231.201172, -192.138672, 1138.183594
688.476562, 80.078125, 1070.800781
-,-,-
-1251.220703, -342.529297, 1099.609375
-1227.294922, -142.333984, 1086.914062
-707.763672, -165.771484, 1167.968750
311.523438, -382.568359, 1288.085938
1118.164062, -311.767578, 1484.863281
-,-,-
-723.876953, -106.201172, 960.937500
-1007.080078, -170.654297, 1045.898438
-1052.490234, -281.982422, 1083.984375
-833.251953, -250.732422, 1025.390625
-323.974609, -289.794922, 1098.632812
367.187500, -28.076172, 1260.742188
-,-,-
-684.814453, -128.662109, 894.042969
-1101.318359, -268.310547, 1026.367188
-1112.060547, -389.892578, 1131.835938
-706.298828, -223.388672, 1092.773438
-113.525391, -72.998047, 1068.847656
261.230469, 1.953125, 1227.539062
820.800781, 34.667969, 1473.632812
973.632812, 101.562500, 1437.500000
-,-,-
-1000.244141, -150.634766, 969.726562
-993.896484, -317.138672, 1026.855469
-1145.263672, -395.263672, 1133.789062
-868.408203, -256.591797, 1041.015625
-112.060547, -289.794922, 1301.757812
790.039062, 33.203125, 1415.527344
-,-,-
-895.263672, -188.232422, 938.964844
-1286.376953, -358.154297, 1218.750000
-1134.033203, -225.341797, 1072.265625
-938.232422, -206.298828, 314.453125
68.359375, 20.507812, 1041.015625
-,-,-
-873.291016, -144.287109, 1004.882812
-1305.908203, -146.240234, 1036.132812
-1227.294922, -35.400391, 1052.734375
-751.220703, -127.197266, 1052.734375
-438.232422, -303.955078, 1176.757812
314.941406, -217.529297, 1343.750000
900.390625, -57.861328, 1408.691406
-,-,-
-857.666016, -46.630859, 1010.742188
-1056.396484, -117.431641, 958.984375
-823.974609, -244.384766, 1050.781250
-547.119141, -155.029297, 994.140625
-200.927734, -185.302734, 1100.097656
-,-,-
-665.771484, -121.826172, 1042.968750
-1368.408203, -282.958984, 1340.820312
-1004.150391, -180.908203, 1001.953125
-870.361328, -261.474609, 924.804688
-226.806641, -301.025391, 843.261719
646.484375, -164.794922, 1157.226562
-,-,-
-855.224609, -205.810547, 1081.054688
-1093.017578, -184.326172, 960.937500
-1065.673828, -231.201172, 887.695312
-923.583984, -74.951172, 895.996094
-634.033203, -295.654297, 940.917969
291.992188, -210.205078, 1115.234375
891.601562, -128.662109, 1381.835938
-,-,-
-643.798828, -130.615234, 964.843750
-848.388672, -203.857422, 1030.273438
-654.052734, -142.333984, 860.351562
-471.435547, -520.263672, 1155.761719
-372.314453, -238.525391, 1331.054688
53.710938, -108.154297, 1346.679688
544.921875, -135.498047, 1229.492188
-,-,-
-728.271484, -99.365234, 890.625000
-953.857422, -122.314453, 1028.320312
-909.423828, -271.728516, 1045.898438
-1075.439453, -673.095703, 1065.917969
-442.626953, -374.755859, 1391.601562
428.710938, -72.021484, 1296.875000
-,-,-
-839.111328, -146.240234, 1143.554688
-1175.048828, -172.607422, 1113.281250
-909.423828, -138.427734, 832.031250
-696.533203, -175.048828, 669.921875
-262.451172, -217.041016, 1206.542969
594.238281, -213.623047, 1214.843750
-,-,-
-881.591797, -139.404297, 1026.367188
-852.783203, -213.623047, 1139.648438
-542.724609, -110.107422, 997.070312
24.902344, -128.662109, 1212.890625
179.199219, -69.091797, 1363.769531
-,-,-
-864.013672, -121.337891, 816.406250
-999.755859, -359.130859, 1203.125000
-798.095703, -82.763672, 1083.007812
-364.990234, -270.751953, 1248.046875
-13.916016, -205.322266, 1375.000000
726.074219, -7.568359, 1286.621094
-,-,-
-1010.009766, -84.716797, 1091.796875
-808.349609, -176.513672, 1164.062500
-511.962891, -37.841797, 1261.718750
210.937500, -54.443359, 1114.257812
674.804688, -72.021484, 1287.109375
-,-,-
-389.892578, -7.568359, 1082.031250
-961.669922, -205.810547, 1110.351562
-1553.466797, -218.505859, 1158.203125
-1394.775391, 56.640625, 1005.859375
-939.208984, -177.001953, 962.890625
210.449219, -259.521484, 833.007812
-,-,-
-1077.880859, -363.525391, 1053.710938
-1943.115234, -345.458984, 1428.710938
-1635.498047, 81.054688, 981.445312
-525.634766, -323.486328, 683.105469
815.917969, -202.880859, 649.414062
-,-,-
-563.232422, -124.755859, 950.195312
-1203.857422, -291.748047, 1114.257812
-1568.115234, -360.107422, 1104.980469
-1269.287109, -417.724609, 877.929688
-442.626953, -485.595703, 939.941406
975.585938, -524.169922, 1183.593750
-,-,-
-662.353516, -218.505859, 1022.949219
-1142.333984, -339.599609, 1000.000000
-1194.580078, -429.443359, 931.640625
-924.560547, -245.849609, 919.921875
-468.017578, -350.341797, 1026.855469
367.187500, -128.662109, 1176.757812
-,-,-
-1010.498047, -343.505859, 1009.765625
-1213.623047, -423.095703, 1063.964844
-921.142578, -386.962891, 972.656250
-654.541016, -446.044922, 1137.695312
359.375000, -484.619141, 974.121094
-,-,-
-1253.662109, -434.326172, 1095.703125
-1186.279297, -401.611328, 979.980469
-1138.427734, -445.068359, 932.617188
-432.373047, -252.685547, 806.640625
405.273438, -388.427734, 971.679688
-,-,-
-1204.833984, -249.755859, 1081.054688
-1311.279297, -288.818359, 1006.835938
-852.783203, -182.861328, 931.152344
-199.951172, 26.855469, 895.996094
849.121094, -329.345703, 1505.859375
-,-,-
-1157.958984, -355.224609, 1197.265625
-1339.111328, -402.099609, 1107.910156
-913.330078, -456.298828, 896.972656
-132.568359, -296.630859, 1152.343750
1226.074219, -130.615234, 1394.531250
-,-,-
-396.728516, -117.919922, 1077.148438
-829.833984, -281.005859, 1054.687500
-864.013672, -341.552734, 1028.320312
-596.435547, -236.083984, 854.003906
-275.146484, -16.845703, 787.109375
52.246094, -77.880859, 940.429688
268.066406, 13.671875, 1134.765625
536.621094, 20.507812, 1256.835938
-,-,-
-1060.302734, -200.927734, 942.382812
-1332.275391, -536.865234, 1219.726562
-1133.056641, -491.455078, 998.046875
-297.607422, -281.494141, 1150.878906
489.746094, -110.107422, 1074.707031
1229.980469, 101.562500, 1224.609375
-,-,-
-628.173828, -216.552734, 1070.800781
-1024.658203, -335.693359, 1245.117188
-840.087891, -204.833984, 912.109375
-646.728516, -236.083984, 892.089844
105.468750, -89.111328, 923.828125
698.730469, -72.998047, 1168.457031
-,-,-
-779.541016, -247.802734, 1045.898438
-922.119141, -268.310547, 1022.949219
-963.134766, -340.576172, 1056.640625
-473.388672, -253.662109, 853.027344
-21.240234, -182.373047, 1028.320312
989.257812, 121.582031, 1342.773438
-,-,-
-536.865234, -233.154297, 1037.109375
-1099.853516, -369.873047, 1274.414062
-1214.111328, -404.052734, 1143.554688
-731.689453, -127.197266, 919.921875
156.250000, -121.826172, 1013.183594
1147.460938, 165.039062, 1162.109375
-,-,-
-314.697266, -125.732422, 1096.679688
-783.935547, -253.662109, 1109.863281
-1126.708984, -306.396484, 1101.562500
-932.861328, -243.896484, 854.003906
-433.349609, -220.458984, 914.062500
253.417969, -10.498047, 968.750000
-,-,-
-968.994141, -332.275391, 1126.953125
-1251.220703, -474.365234, 1192.871094
-1305.908203, -422.119141, 828.125000
-664.306641, -399.169922, 937.011719
287.109375, -155.029297, 829.101562
-,-,-
-1316.650391, -262.451172, 1039.062500
-1176.513672, -443.115234, 1035.156250
-770.263672, -321.044922, 1053.710938
-106.689453, -114.013672, 1020.019531
593.750000, -302.001953, 1343.750000
-,-,-
-563.232422, -136.474609, 1011.718750
-466.552734, -112.060547, 1136.230469
-166.748047, -29.541016, 1186.035156
235.351562, -43.701172, 1221.679688
-,-,-
-709.716797, -227.294922, 1115.234375
-1368.896484, -492.919922, 1185.546875
-1384.521484, -490.966797, 1187.500000
-735.595703, -244.873047, 1080.078125
230.468750, -273.681641, 1135.742188
-,-,-
-250.732422, -97.412109, 1007.812500
-697.509766, -207.763672, 1090.820312
-889.404297, -248.779297, 1148.925781
-841.552734, -236.083984, 1048.828125
-386.474609, -374.267578, 978.515625
89.355469, -54.931641, 1045.898438
580.078125, -43.701172, 1132.812500
-,-,-
-606.689453, -200.927734, 1060.546875
-1285.888672, -442.138672, 1273.437500
-906.494141, -388.427734, 1075.195312
-559.814453, -332.763672, 979.980469
100.585938, -114.013672, 1092.773438
501.464844, -49.560547, 918.945312
-,-,-
-308.837891, -206.787109, 1104.492188
-543.212891, -337.646484, 1167.968750
-828.857422, -392.822266, 1062.011719
-764.892578, -365.478516, 1021.972656
-652.099609, -214.599609, 999.023438
-413.818359, -141.845703, 1027.343750
325.683594, 37.597656, 1097.656250
-,-,-
-781.005859, -314.208984, 1296.875000
-724.853516, -302.001953, 1080.078125
-722.412109, -282.958984, 1064.941406
-449.951172, -46.630859, 822.265625
101.074219, -52.978516, 1102.050781
297.851562, -17.333984, 1147.460938
673.339844, 11.718750, 1225.585938
-,-,-
-670.166016, -363.525391, 1138.671875
-1056.884766, -376.708984, 1148.925781
-685.791016, -152.099609, 967.773438
-330.810547, -80.810547, 923.828125
-80.322266, -149.658203, 1035.156250
373.046875, -88.134766, 1279.296875
699.707031, -9.521484, 1257.812500
-,-,-
-692.138672, -374.755859, 1055.664062
-666.748047, -350.341797, 1317.871094
-1120.849609, -426.513672, 1366.699219
-737.548828, -135.498047, 1041.015625
-552.978516, -120.361328, 1187.988281
241.699219, -40.771484, 1159.179688
1015.625000, -63.232422, 1109.863281
-,-,-
-1020.263672, -323.974609, 1106.933594
-935.791016, -282.958984, 956.054688
-533.447266, -110.107422, 1066.894531
-195.068359, -20.263672, 1232.421875
63.964844, -136.474609, 1504.882812
527.832031, -211.181641, 1288.085938
-,-,-
-388.916016, -292.724609, 1161.132812
-897.705078, -457.763672, 1199.218750
-972.412109, -407.958984, 1201.171875
-727.294922, -125.244141, 833.007812
-293.212891, -69.091797, 990.234375
37.597656, 105.468750, 1120.117188
229.980469, 10.742188, 1290.527344
-,-,-
-787.353516, -234.130859, 1006.835938
-1035.400391, -286.865234, 1129.882812
-475.830078, -68.115234, 929.687500
-246.337891, -29.541016, 1065.917969
-38.818359, -221.435547, 1268.554688
-,-,-
-697.998047, -315.185547, 1129.882812
-1001.220703, -393.798828, 1178.710938
-728.271484, -204.833984, 1030.273438
-212.158203, -243.408203, 852.050781
32.226562, 23.437500, 1116.210938
891.113281, -5.615234, 1291.992188
-,-,-
-544.677734, -248.779297, 1091.796875
-752.685547, -245.849609, 1206.054688
-604.248047, -270.751953, 1048.828125
-225.341797, -97.900391, 1029.785156
9.277344, -181.884766, 1118.164062
384.277344, -98.388672, 1132.812500
761.230469, -13.427734, 1194.824219
-,-,-
-745.849609, -450.927734, 1321.777344
-1001.220703, -374.755859, 1171.875000
-647.216797, -204.833984, 893.066406
-71.044922, 277.832031, 708.007812
545.898438, 39.062500, 1128.906250
1189.941406, 124.023438, 1467.773438
-,-,-
-870.849609, -308.349609, 1075.195312
-1217.041016, -434.326172, 1180.664062
-1305.419922, -425.048828, 995.117188
-627.197266, -228.271484, 920.898438
271.484375, -122.314453, 969.238281
1022.460938, -4.638672, 1160.156250
-,-,-
-1305.419922, -445.068359, 1226.562500
-1482.666016, -417.724609, 1197.753906
-1026.123047, -434.326172, 1085.937500
-15.380859, -319.091797, 1095.703125
1706.542969, 27.832031, 1189.941406
-,-,-
-1299.072266, -195.068359, 1059.570312
-1987.060547, -353.271484, 1379.882812
-1500.244141, -200.927734, 990.234375
-287.841797, -201.416016, 546.875000
-,-,-
-1409.912109, -401.123047, 1028.320312
-1485.107422, -410.888672, 955.078125
-1410.888672, -399.169922, 1406.738281
-77.880859, -565.185547, 1423.828125
1161.132812, -237.548828, 1378.906250
-,-,-
-1409.912109, -400.146484, 1165.039062
-1463.134766, -151.611328, 805.175781
-1203.369141, -467.529297, 1189.453125
218.750000, -324.951172, 1358.886719
1032.226562, -216.064453, 1367.187500
-,-,-
-1004.150391, -225.341797, 1103.515625
-1267.333984, -238.037109, 1104.492188
-803.466797, -289.794922, 1090.820312
-78.857422, -329.345703, 1170.898438
543.457031, -237.548828, 1135.742188
1310.058594, -112.060547, 1314.453125
-,-,-
-1756.103516, -466.552734, 1234.863281
-1999.755859, -431.396484, 1166.992188
-1236.572266, -477.783203, 887.695312
1487.304688, -59.814453, 989.257812
-,-,-
-1195.068359, -257.568359, 1250.000000
-1999.755859, -391.357422, 1356.933594
-1949.951172, -614.990234, 1052.734375
-186.279297, -802.490234, 1073.242188
-,-,-
-1774.169922, -289.794922, 1075.195312
-1999.755859, -384.521484, 1381.835938
-1135.986328, -623.779297, 1022.949219
622.070312, -360.595703, 1226.074219
-,-,-
-1893.798828, -344.482422, 1349.609375
-1999.755859, -520.263672, 1404.296875
21.484375, -560.302734, 191.406250
1821.777344, -486.572266, 817.382812
-,-,-
-1803.955078, -104.248047, 1355.468750
-1999.755859, -276.123047, 1516.601562
-956.298828, -724.853516, 335.449219
1897.460938, -571.044922, 770.996094
-,-,-
-1999.755859, -533.935547, 1544.921875
-1999.755859, -666.259766, 979.980469
-46.142578, -567.138672, 1223.632812
1999.755859, -85.693359, 1437.988281
-,-,-
-1999.755859, -582.763672, 1462.890625
-1999.755859, -550.537109, 1404.785156
-144.287109, -186.767578, 263.671875
1999.755859, 82.031250, 1725.097656
1999.755859, -677.490234, 1999.755859
-,-,-
-1999.755859, -484.619141, 1394.531250
-1999.755859, -406.005859, 777.832031
-476.806641, -497.802734, 420.898438
1999.755859, -579.345703, 1677.246094
-,-,-
-1999.755859, -185.791016, 1324.707031
-1999.755859, -700.927734, 1249.023438
-605.224609, -617.919922, 1058.105469
1999.755859, -320.068359, 1227.539062
-,-,-
-950.927734, -318.115234, 1170.898438
-1999.755859, -74.951172, 1252.929688
-1999.755859, -556.396484, 1070.800781
-385.498047, -946.044922, 267.578125
1999.755859, -567.626953, 1654.785156
1999.755859, -231.201172, 1893.554688
-,-,-
-1640.869141, -302.001953, 1217.773438
-1999.755859, -390.869141, 1282.226562
-893.798828, -458.740234, 844.238281
1772.460938, 25.878906, 826.171875
1999.755859, 20.507812, 1592.773438
1999.755859, -199.951172, 1843.750000
-,-,-
-1821.044922, -418.701172, 1262.695312
-1999.755859, -488.525391, 1255.859375
-647.705078, -490.966797, 202.636719
1186.035156, -227.294922, 828.125000
-,-,-
-1999.755859, -377.685547, 1700.195312
-1999.755859, -610.107422, 829.101562
551.757812, -163.818359, 435.058594
1999.755859, -411.865234, 1693.359375
-,-,-
-1999.755859, -933.349609, 1508.789062
-474.365234, -496.826172, 286.132812
1623.046875, -66.650391, 702.148438
-,-,-
-1999.755859, -231.201172, 1387.695312
-1489.501953, -610.107422, 764.160156
1299.316406, -614.013672, 1299.804688
1999.755859, -265.380859, 1999.755859
-,-,-
-1999.755859, -578.369141, 1540.039062
-1999.755859, -685.302734, 880.859375
769.531250, -562.255859, 972.167969
-,-,-
-1999.755859, -690.185547, 1999.755859
-1999.755859, -734.130859, 631.347656
-313.720703, -604.736328, 677.246094
1999.755859, -458.251953, 1545.898438
1999.755859, -502.685547, 1999.755859
-,-,-
-1999.755859, -342.529297, 1264.648438
-1999.755859, -489.501953, 1286.132812
-883.544922, -737.548828, 812.011719
1348.632812, -475.341797, 1092.773438
-,-,-
-1999.755859, -658.447266, 1492.675781
-1999.755859, -713.623047, 680.175781
620.117188, -420.654297, 782.226562
1999.755859, -622.802734, 1818.847656
-,-,-
-1744.873047, -338.623047, 962.890625
-1999.755859, -243.408203, 844.726562
-1611.572266, -295.654297, 311.523438
961.914062, -522.216797, 877.929688
-,-,-
-1999.755859, -181.884766, 1125.976562
-1944.091797, -763.427734, 658.203125
208.007812, -570.556641, 1189.941406
1999.755859, -740.966797, 1928.710938
-,-,-
-1135.498047, -304.443359, 1081.054688
-1999.755859, -722.900391, 1678.710938
-1999.755859, -643.310547, 930.664062
-315.185547, -538.818359, 450.195312
1953.125000, -29.052734, 1025.878906
-,-,-
-1999.755859, -504.638672, 1512.695312
-1999.755859, -540.771484, 1475.585938
-1482.666016, -959.716797, 650.390625
1000.488281, -535.888672, 797.851562
-,-,-
-1454.345703, -578.369141, 1105.468750
-1999.755859, -833.740234, 1378.906250
-1999.755859, -1301.025391, 1119.628906
536.132812, -586.669922, 336.425781
1999.755859, -180.908203, 1182.617188
-,-,-
-1999.755859, -703.857422, 1173.828125
-1999.755859, -930.419922, 852.050781
-324.951172, -718.994141, 717.773438
1300.781250, -244.384766, 1430.664062
-,-,-
-1661.865234, -464.599609, 1179.687500
-1999.755859, -356.689453, 1187.011719
-808.349609, -567.626953, 1040.039062
853.515625, -423.095703, 845.703125
-,-,-
-1694.580078, -462.646484, 1113.281250
-1999.755859, -796.630859, 1685.546875
-1019.287109, -715.087891, -58.349609
1428.222656, -406.005859, 817.871094
-,-,-
-1820.068359, -520.751953, 1039.062500
-1999.755859, -756.591797, 742.187500
-1535.400391, -762.939453, 822.753906
849.609375, -720.458984, 1146.972656
-,-,-
-1839.599609, -606.689453, 923.828125
-1999.755859, -698.974609, 990.722656
-1065.673828, -843.505859, 830.078125
1252.441406, -243.408203, 1018.066406
-,-,-
-1999.755859, -610.595703, 839.355469
-1930.419922, -1213.134766, 642.089844
1056.152344, -773.193359, 1096.679688
1999.755859, -271.728516, 1999.755859
-,-,-
-1620.361328, -784.423828, 1212.890625
-1999.755859, -1276.123047, 1564.453125
-1999.755859, -1294.189453, 442.382812
1999.755859, -107.666016, 852.050781
-,-,-
-1999.755859, -621.826172, 1441.406250
-1999.755859, -926.513672, 709.960938
-1904.541016, -1511.962891, 933.105469
-,-,-
-1872.314453, -692.626953, 1211.425781
-1999.755859, -960.693359, 1199.218750
-1797.119141, -1197.998047, 634.277344
-,-,-
-1112.548828, -805.419922, 1216.796875
-1999.755859, -892.333984, 1682.617188
-1999.755859, -1251.708984, 98.144531
585.937500, -1177.490234, 981.933594
-,-,-
-1999.755859, -782.470703, 1140.625000
-1999.755859, -954.833984, 1072.753906
-1513.427734, -1026.611328, 405.273438
1452.148438, -758.056641, 1696.289062
-,-,-
-1999.755859, -1118.408203, 1728.515625
-1999.755859, -817.626953, -49.072266
181.640625, -722.900391, 1129.882812
1999.755859, -1336.669922, 1999.755859
-,-,-
-1999.755859, -809.326172, 1165.039062
-1999.755859, -1186.767578, 671.875000
1223.144531, -382.568359, 1285.644531
1999.755859, -416.259766, 1999.755859
-,-,-
-1999.755859, -758.544922, 724.121094
-1725.341797, -630.126953, 126.464844
1999.755859, -707.763672, 1999.755859
1999.755859, -974.365234, 1999.755859
-,-,-
-1999.755859, -953.857422, 942.871094
-1687.255859, -817.626953, 309.570312
1135.253906, -1087.158203, 1688.476562
-,-,-
-1999.755859, -610.595703, 1605.468750
-1999.755859, -938.232422, 685.058594
48.339844, -972.900391, 946.289062
1999.755859, -496.337891, 1815.917969
-,-,-
-1999.755859, -817.626953, 1839.355469
-1999.755859, -1070.068359, 477.050781
1381.347656, -272.705078, 947.753906
1978.027344, -374.267578, 1999.755859
-,-,-
-1999.755859, -634.033203, 644.042969
-936.767578, -781.005859, 147.460938
1999.755859, -222.412109, 1999.755859
1999.755859, 115.722656, 1999.755859
-,-,-
-1999.755859, -605.712891, 948.242188
-1999.755859, -1263.427734, 979.980469
494.628906, -555.908203, 637.207031
1999.755859, -343.994141, 1999.755859
-,-,-
-1999.755859, -420.654297, 772.460938
-1360.595703, -782.470703, 935.058594
248.046875, -467.529297, 705.078125
1137.695312, -184.326172, 1415.527344
-,-,-
-1999.755859, -509.033203, 890.136719
-1999.755859, -1004.638672, 1128.906250
359.375000, -678.466797, 1129.882812
1999.755859, -304.931641, 1687.500000
-,-,-
523.437500, -585.693359, 318.359375
1631.347656, -249.755859, 1819.824219
1999.755859, -64.208984, 1999.755859
1999.755859, 282.226562, 1547.851562
-,-,-
-1999.755859, -759.033203, 1215.820312
-1999.755859, -668.701172, 798.828125
-30.029297, -490.966797, 699.218750
1729.980469, -281.005859, 1720.214844
-,-,-
-1999.755859, -730.224609, 1387.695312
-1999.755859, -618.896484, 1319.824219
-779.541016, -698.486328, 530.273438
1771.972656, -670.654297, 1291.015625
-,-,-
-1999.755859, -724.853516, 1406.738281
-1999.755859, -709.716797, 668.945312
-285.400391, -776.123047, 811.035156
1999.755859, -481.689453, 1999.755859
1999.755859, 22.460938, 1999.755859
-,-,-
-1999.755859, -791.259766, 1538.574219
-1999.755859, -756.103516, 236.816406
688.476562, -1502.197266, 1140.625000
1999.755859, -538.330078, 1999.755859
-,-,-
-1999.755859, -777.099609, 1722.656250
-1999.755859, -821.533203, 572.265625
405.761719, -1126.220703, 806.152344
1999.755859, -391.357422, 1999.755859
-,-,-
-1999.755859, -555.419922, 1120.605469
-77.880859, -1081.298828, 740.234375
1999.755859, -768.310547, 1999.755859
1999.755859, -56.884766, 1999.755859
1999.755859, 696.777344, 1094.726562
-,-,-
-1999.755859, -389.892578, 1549.804688
-1999.755859, -491.943359, 1050.781250
-1434.814453, -1211.181641, 377.441406
1999.755859, -1362.548828, 1999.755859
-,-,-
-1999.755859, -526.123047, 1218.750000
-958.251953, -874.755859, 641.113281
1042.968750, -1051.025391, 1999.755859
1999.755859, 83.496094, 1999.755859
-,-,-
-1766.845703, -150.634766, 1295.898438
-1999.755859, -167.724609, 909.179688
-994.873047, -598.388672, 778.320312
892.578125, -513.916016, 1454.101562
-,-,-
-1999.755859, -357.177734, 773.925781
-1999.755859, -257.568359, 145.507812
-126.708984, -364.990234, 1006.835938
1627.441406, -194.091797, 1999.755859
-,-,-
-1999.755859, -236.083984, 731.933594
-858.154297, -355.712891, 834.960938
1410.644531, -732.177734, 1999.755859
1999.755859, 127.929688, 1850.585938
1999.755859, 396.972656, 1276.855469
-,-,-
-1162.353516, -361.572266, 908.203125
50.781250, 75.195312, 1393.554688
1306.152344, -239.990234, 1999.755859
1884.765625, -92.529297, 1999.755859
1494.628906, 317.382812, 1042.968750
-,-,-
-1999.755859, -253.173828, 960.937500
-705.322266, -225.341797, 586.914062
492.675781, -20.263672, 1395.507812
1999.755859, -297.607422, 1999.755859
-,-,-
-1999.755859, -567.138672, 971.679688
-1407.470703, -821.044922, 809.082031
1690.917969, -583.740234, 1416.015625
1999.755859, -574.462891, 1999.755859
-,-,-
-1999.755859, -521.240234, 812.988281
-1369.873047, -878.173828, 93.750000
1296.875000, -610.107422, 1650.878906
1888.671875, -366.943359, 1999.755859
1999.755859, -68.115234, 1999.755859
-,-,-
-1999.755859, -321.044922, 914.062500
-1999.755859, -602.783203, 766.113281
-549.560547, -825.927734, 1111.328125
1418.945312, -366.943359, 1798.339844
-,-,-
-1999.755859, -242.919922, 799.804688
-1999.755859, -964.111328, 749.023438
-47.119141, -992.431641, 1144.042969
1778.320312, -481.689453, 1999.755859
1999.755859, -283.935547, 1999.755859
-,-,-
-1999.755859, -390.380859, 1326.171875
-1999.755859, -1114.501953, 1238.769531
222.656250, -1058.837891, 193.359375
1999.755859, -322.509766, 1675.781250
-,-,-
-1999.755859, -468.505859, 813.964844
-1691.650391, -1118.408203, 440.429688
1727.539062, -968.017578, 1865.722656
1999.755859, -279.541016, 1999.755859
-,-,-
-980.224609, -144.287109, 967.773438
-1910.400391, -292.724609, 1399.414062
-1086.669922, 28.808594, 998.046875
526.855469, 42.968750, 593.750000
-,-,-
-1999.755859, -660.888672, 1142.578125
-1543.212891, -520.751953, 615.234375
696.289062, -109.619141, 300.292969
1999.755859, 1.464844, 1999.755859
-,-,-
-1999.755859, -805.419922, 1219.726562
-1999.755859, -598.388672, 832.031250
-531.005859, -547.119141, 408.203125
1941.894531, -356.689453, 1741.699219
-,-,-
-1999.755859, -896.240234, 1446.289062
-1999.755859, -836.669922, 747.070312
-523.193359, -462.646484, 657.226562
1999.755859, -126.708984, 1713.378906
1999.755859, -168.701172, 1999.755859
-,-,-
-1999.755859, -897.216797, 1373.046875
-1999.755859, -1003.662109, 1308.593750
-1021.240234, -1012.451172, 576.171875
1999.755859, -326.904297, 1281.250000
-,-,-
-1999.755859, -764.404297, 1373.046875
-1999.755859, -1367.431641, 1372.070312
-384.521484, -873.291016, 42.480469
1999.755859, -164.794922, 1482.910156
